LAT=51.999457199999995
LON=4.362724538543995
